[18.5, 7.0, 85.0, 1.5],
[16.8, 6.5, 87.0, 1.3],
[15.1, 5.8, 90.0, 1.1],
[14.2, 5.2, 92.0, 1.0],
[13.9, 4.5, 94.0, 1.0],
[17.5, 4.8, 93.0, 1.2],
[24.3, 6.0, 88.0, 1.8],
[32.1, 7.5, 80.0, 2.5],
[35.8, 8.8, 72.0, 3.0],
[30.5, 10.5, 65.0, 3.5],
[25.0, 12.0, 58.0, 4.2],
[20.1, 13.5, 50.0, 4.8],
[17.2, 14.8, 45.0, 5.5],
[15.0, 15.5, 42.0, 5.8],
[14.8, 16.0, 40.0, 6.0],
[18.2, 15.2, 45.0, 5.0],
[25.5, 13.8, 55.0, 4.0],
[33.0, 12.0, 65.0, 3.0],
[38.5, 10.5, 72.0, 2.5],
[42.1, 9.0, 78.0, 2.0],
[40.2, 8.0, 82.0, 1.8],
[35.5, 7.5, 85.0, 1.5],
[28.0, 7.0, 87.0, 1.3],
[22.5, 6.5, 89.0, 1.2]
